000000120
000000140
000000160
000000200
000000280
000000320
000000400
000000460
000000480
000000500
000000520
000000540
000000560
000000580
000000600
000000620
000000639
000000679
000000699
000000719
000000759
000000779
000000799
0000008719
000000839
000000859
000000879
000000899
000000919
000000939
000000959
000000979
000000999
000001019
000001039
000001059
000001079
000001099
000001119
000001139
000001159
000001179
000001199
000001219
000001239
000001259
000001279
000001299
000001319
000001339
000001359
000001379
000001399
000001419
000001439
00001459
00001479
00001499
000001499
000001519
000001539
000001559
000001579
000001599
000001619
000001639
000001659
000001679
000001699
000001719
000001739
000001759
000001779
000001799
000001819
000001839
000001859
000001879
000001899
000001919
000001939
000001959
000001979
000001999
000002019
000002639
000002039
000002059
000002079
000002099
000002119
000002139
000002159
000002179
000002199
000002219
000002239
000002259
000002279
000002299
000002319
000002339
000002359
000002378
000002398
0000024718
000002438
000002458
00002478
000002498
000002518
000002538
000002558
000002578
000002598
000002618
000002638
000002658
000002678
000002698
000002718
000002738
000002758
000002778
000002798
000002818
000002838
000002858
000002878
000002898
000002918
000002938
000002958
000002978
000002998
000003018
000003038
000003058
000003078
000003098
000003118
000003138
000003158
000003178
000003198
000003218
000003238
000003258
000003278
000003293
000003318
000003338
000003358
000003378
000003398
000003418
000003438
000003458
00003478
000003498
000003518
000003538
000003558
000003578
000003598
000003618
000003638
000003658
000003678
000003698
000003798
000003818
000003838
000003858
000003878
000003938
000003958
000003978
000003993
000004018
000004038
000004058
000004078
000004097
000004117
000004137
000004177
000004277
000004297
000004497
000004517
000004537
000004557
000004577
000004597
000004617
000004637
000004657
000004677
000004697
000004717
000004737
000004757
000004777
000004797
000004817
000004837
000004857
000004877
000004897
000004917
000004937
000004957
000004977
000004997
000005017
000005037
000005057
000005077
000005097
000005117
000005197
000005237
000005257
000005277
000005297
000005317
000005337
000005357
000005377
000005397
000005417
000005437
000005457
000005477
00005477
000005477
000005497
000005517
000005537
000005557
000005577
000005597
000005617
000005637
000005657
000005677
000005697
000005717
000005737
000005817
000005836
000005876
000005936
000005956
00005976
000005996
000006016
000006036
000006056
000006076
000006096
000006116
000006136
000006156
000006176
000006196
000006216
000006236
000006256
000006276
000006296
000006316
000006336
000006456
00006476
000006496
000006516
000006536
000006556
000006576
000006596
000006636
000006656
000006676
000006696
000006716
000006736
000006756
000006776
000006796
000006816
000006836
000006856
000006876
000006896
000006916
000006936
000006956
000006976
000006996
000007016
000007036
000007056
000007076
000007096
000007116
000007136
000007156
000007176
000007196
000007216
000007236
000007256
000007276
000007296
000007476
000007496
000007516
000007536
000007555
000007575
000007595
000007615
000007635
000007655
000007675
000007695
000007715
000007735
000007755
000007775
000007795
000007815
000007835
000007855
000007875
000007895
00007915
000007915
000007935
000007955
000007975
000007995
000008015
000008035
000008055
000008075
000008095
000008115
000008135
000008155
000008175
000008195
000008215
000008235
000008255
000008275
000008295
000008315
000008335
000008355
000008375
000008395
0008415
0008435
000008435
0008455
0008475
00008495
000008515
000008535
0008555
00008575
000008595
000008615
000008635
000008655
000008675
000008695
000008715
000008735
000008755
000008775
000008795
000008815
000008835
000008855
000008875
000008895
00008915
000008935
000008955
000008975
000008995
000009015
000009035
000009055
000009075
000009095
000009115
000009135
00009155
00009175
000009195
000009215
000009235
000009255
000009275
000009294
000009314
000009334
000009354
000009374
000009394
0009414
0009414
00009434
0009454
00009474
000009494
000009514
000009534
000009554
000009574
000009594
000009614
000009634
000009654
000009674
000009694
000009714
000009734
000009754
000009774
000009794
000009814
000009834
000009854
000009874
000009894
000009914
000009934
000009954
000009974
000009994
000010074
000010634
000010034
000010054
000010074
000010094
000010114
000010134
000010154
000010174
000010194
000010214
000010234
000010254
000010274
000010294
000010314
000010334
000010354
000010374
000010394
000010414
000010454
000010474
000010494
000010514
000010574
000010534
000010554
000010574
000010594
000010614
000010634
000010654
000010674
000010694
000010714
000010734
000010754
000010774
000010794
000010814
0000108714
000010834
000010854
000010874
000010894
000010914
000010934
000010954
000010974
000010994
000011014
000011033
000011053
000011073
000011093
000011113
000011133
000011153
000011173
000011193
000011213
000011233
000011253
000011273
000011293
000011313
000011333
000011353
000011373
000011393
000011413
000011433
000011453
000011473
000011493
000011513
000011533
000011553
000011573
000011593
000011613
000011633
000011653
000011673
000011693
000011713
000011733
000011753
000011773
000011793
000011813
000011833
000011853
000011873
000011893
000011913
000011933
000011953
000011973
000011993
000012013
000012033
000012053
000012073
000012093
000012113
000012133
000012153
000012173
000012193
000012213
000012233
000012253
000012273
000012293
000012313
000012333
000012353
000012373
000012393
000012413
000012433
000012453
000012473
000012493
000012553
000012573
000012593
000012613
000012633
000012653
000012673
000012693
000012713
000012733
000012752
000012772
000012792
000012812
000012832
000012852
000012872
000012892
000012912
000012932
000012952
000012972
000012992
000013012
000013032
000013052
000013072
000013092
000013112
000013132
000013152
000013172
000013192
000013212
000013232
000013252
000013272
000013292
000013312
000013332
000013352
000013372
000013392
00013412
000013432
000013452
0013472
0013472
000013492
000013572
000013532
000013552
00013572
000013592
000013612
000013632
000013652
000013672
000013692
000013712
000013792
000014032
000014092
000014112
000014132
000014152
000014172
000014192
000014212
000014232
000014252
000014272
000014292
000014312
000014332
000014352
000014372
000014491
000014511
000014551
000014571
000014591
000014611
000014631
000014651
000014671
000014691
000014711
000014731
000014751
000014771
000014791
000014811
000014831
000014851
000014871
000014891
000014811
000014931
000014951
000014971
000014991
000015011
000015031
000015051
000015071
000015091
000015111
000015131
000015151
000015171
000015191
000015211
000015231
000015251
000015271
000015291
000015311
000015331
000015331
000015351
000015371
000015391
000015411
000015431
000015451
000015471
000015491
000015511
000015531
000015551
000015571
000015591
000015611
000015631
000015651
000015671
000015691
000015711
000015731
000015751
000015771
000015791
000015811
000015831
000015851
000015871
000015891
000015911
0000159711
000015931
000015951
000015971
000015991
000016011
000016031
000016051
000016071
000016091
000016111
000016131
000016151
000016171
000016191
000016210
000016750
000016770
000016790
000016810
000016830
000016850
000016870
000016890
000016910
000016990
000017010
000017030
000017350
000017370
000017390
000017410
000017430
000017450
000017470
000017490
000017510
000017530
000017550
000017570
000017590
000017610
000017630
000017650
000017670
000017690
000017710
000017730
000017750
000017770
000017790
000017810
000017830
000017850
000017870
000017890
000017910
000017930
000017949
000017969
000017989
000018009
000018029
000018049
000018069
000018089
000018109
000018129
000018149
000018169
000018189
000018209
000018269
000018289
000018309
000018329
000018349
000018369
000018389
000018409
000018429
000018449
000018469
000018489
000018509
000018529
000018549
000018569
000018589
000018609
000018629
000018649
000018669
000018689
000018709
000018729
000018749
000018769
000018789
000018809
000018829
000018849
000018869
000018889
000018909
000018929
000018949
000018969
000018989
000019009
000019029
000019049
000019069
000019089
000019109
000019129
000019149
000019169
000019209
000019229
000019249
000019269
000019309
000019329
000019349
000019369
000019389
000019409
000019429
000019449
000019469
000019489
000019509
000019529
000019549
000019569
000019609
000019629
000019649
000019668
000019683
000019708
000019728
000019748
000019768
000019788
000019808
000019828
000019848
000019863
000019883
000019928
000019948
000019963
000019983
000020008
000020028
000020043
000020063
000020083
000020108
000020128
000020148
000020168
000020183
000020208
000020228
000020243
000020263
000020283
000020308
000020328
000020343
000020363
000020383
000020448
000020463
000020483
000020508
000020528
000020543
000020563
000020583
000020608
000020628
000020643
000020663
000020683
000020703
000020708
000020728
000020743
000020763
000020783
000020808
000020828
000020843
000020863
000020883
000020908
000020928
000020943
000020963
000020988
000021008
000021028
000021043
000021068
000021083
000021088
000021108
000021128
000021148
000021168
000021188
000021208
000021228
000021248
000021288
000021308
000021328
000021348
000021368
000021387
000021407
000021427
000021447
000021967
000021987
000022007
000022027
000022047
000022067
000022107
000022127
000022147
000022167
000022187
000022207
000022227
000022247
000022267
000022287
000022307
000022327
000022347
000022367
000022387
000022407
000022427
000022447
000022467
000022487
000022507
000022527
000022547
000022567
000022587
000022607
000022627
000022647
000022667
000022687
000022707
000022727
000022747
000022767
000022787
000022767
000022807
000022827
000022847
000022867
000022887
000022907
000022927
000022947
000022967
000022987
000023007
000023027
000023047
000023087
000023106
000023206
000023246
000023286
000023306
000023326
000023346
000023366
000023386
000023406
000023426
000023446
000023466
000023486
000023506
000023526
000023546
000023566
000023586
000023606
000023626
000023666
000023706
000023826
000023846
000023866
000023886
000023906
000023926
000023946
000023966
000023986
000024006
000024026
000024046
000024066
000024086
000024106
000024126
000024146
000024166
000024186
000024206
000024226
000024246
000024266
000024286
000024306
000024326
000024346
000024366
000024386
000024406
000024426
000024446
000024466
000024486
000024506
000024526
000024546
000024566
000024586
000024606
000024626
000024646
000024666
000024686
000024706
000024726
000024746
000024766
000024786
000024806
000024825
000024845
000024865
000024885
000024905
000024925
000024945
0024945
0024965
000025005
000025025
00025045
00025065
000025065
000025085
000025105
000025125
00025145
000025165
000025185
000025205
000025225
000025305
000025325
000025345
000025365
000025385
000025405
000025425
000025445
000025465
000025485
000025505
000025525
000025545
000025565
000025585
000025605
000025625
000025645
000025665
000025685
000025705
000025725
000025745
000025765
000025785
000025805
000025825
000025845
000025865
000025885
000025905
000025925
000025945
000025965
000025985
000026005
000026025
000026045
000026065
000026085
000026125
000026145
000026165
000026185
000026205
000026225
000026245
000026265
000026285
000026305
000026325
000026345
000026365
000026385
000026405
000026425
000026445
00026465
00026485
000026485
000026505
000026525
000026545
000026564
000026604
000026624
000026644
000026664
000026684
000026744
000026764
000026784
000026804
000026824
000026844
000026864
000026884
000026904
000026924
000026944
000026964
000026984
000027004
000027024
000027044
000027064
000027084
000027104
000027124
000027144
000027164
000027184
000027204
000027224
000027244
000027264
000027284
000027304
000027324
000027344
000027364
000027384
00027404
000027424
000027244
00027464
000027484
00027484
000027504
000027544
00027564
000027584
00027604
000027604
000027624
000027644
000027684
000027704
000027724
000027744
000027764
000027784
000027804
000027824
000027844
000027864
000027884
000028004
000028024
000028044
000028064
000028084
000028104
000028124
000028144
000028164
000028184
000028204
000028224
000028244
000028264
000028283
000028303
000028323
000028343
000028363
000028383
000028403
000028423
000028443
000028463
000028483
000028503
000028523
000028543
000028563
000028583
000028603
000028623
000028643
000028683
000028703
000028723
000028743
000028763
000028783
000028803
000028823
000028843
000028863
000028883
000028903
000028923
000028943
000028963
000029003
000029063
000029083
000029103
000029123
000029143
000029163
000029183
000029203
000029223
000029243
000029263
000029283
000029303
000029323
000029343
000029363
000029383
000029403
000029423
000029443
000029463
000029483
000029503
000029523
000029543
000029563
000029583
000029603
000029623
000029643
000029663
000029683
000029703
000029723
000029743
000029763
000029783
000029763
000029803
000029823
000029843
000029863
000029883
000029903
000029923
000029943
000029963
000029983
000030003
000030022
000030042
000030062
000030082
000030102
000030122
000030142
000030162
000030182
000030202
000030282
000030302
000030322
000030342
000030362
000030382
000030402
000030422
000030442
000030462
000030482
000030502
000030522
000030542
000030562
000030582
000030602
000030622
000030642
000030662
000030682
000030702
000030722
000030742
000030762
000030782
000030802
000030822
000030842
000030862
000030882
000030902
000030922
000030942
000030962
000030982
000031002
000031022
000031042
000031062
000031082
000031102
000031122
000031142
000031162
000031182
000031202
000031222
000031242
000031262
000031282
000031302
000031322
000031342
000031362
000031382
000031402
000031442
000031462
000031482
000031502
